,generations,pdead,pneutral,punhappy,phappy
0,95.0,0.5999626509866052,0.14481677951764232,0.1344216061308949,0.12079896336485761
1,115.0,0.5575800698700499,0.1120951734067358,0.17955840748511037,0.1507663492381039
2,50005.0,0.3138578942434075,0.1742923829912741,0.2569875609044718,0.25486216186084665
3,130.0,0.5554907268546069,0.13417928258789852,0.13266345514611688,0.17766653541137772
4,135.0,0.5641913631446,0.11240966922021903,0.18401687292978083,0.13938209470540014
5,50005.0,0.36105408486713086,0.16941952822308737,0.22162064201746232,0.24790574489231948
6,50005.0,0.32760872796662266,0.21346509029090305,0.22711923169628048,0.23180695004619375
7,50005.0,0.31783647357353706,0.2805163855360868,0.28391843287158347,0.11772870801879268
8,1400.0,0.4051933038277702,0.1219693285876929,0.2813700560686683,0.1914673115158687
9,185.0,0.4805908547769845,0.1401457932122085,0.2520863780124813,0.12717697399832573
10,50005.0,0.3549492157313868,0.1505344994861003,0.25323048232287826,0.24128580245963457
11,50005.0,0.2989049218071598,0.23988058790126401,0.16545950738041923,0.29575498291115704
12,140.0,0.4924857911587326,0.23021128736004895,0.15640286183092414,0.12090005965029434
13,540.0,0.39144251003828934,0.251704080126222,0.21958873619076752,0.13726467364472114
14,50005.0,0.3209809009587945,0.13639969573213812,0.2588989476334691,0.2837204556755983
15,120.0,0.5790745922979355,0.18621179861405157,0.10012301685244528,0.13459059223556769
16,50005.0,0.15224290502714144,0.2746126678469175,0.29350841582397147,0.27963601130196963
17,230.0,0.44344385942387865,0.1968354758855782,0.18086100121836524,0.1788596634721779
18,1790.0,0.35856683198123496,0.2470716209230568,0.2340315048033974,0.1603300422923108
19,150.0,0.5466046596930525,0.1269008366946635,0.20935867960620266,0.11713582400608134
20,195.0,0.5156689260298675,0.12904334038898352,0.217852028885966,0.137435704695183
21,150.0,0.5111864988863857,0.19922187223470056,0.12422020654413408,0.16537142233477964
22,18445.0,0.3877959470922042,0.11703369793035315,0.19589483511670186,0.29927551986074075
23,115.0,0.5700484449978724,0.18907872433229278,0.10008126385165383,0.14079156681818097
24,130.0,0.5523473552556042,0.15340893395574956,0.1557608994540567,0.1384828113345896
25,50005.0,0.30291858886742407,0.14304053957302806,0.2618007725314032,0.29224009902814463
26,250.0,0.47082286590255795,0.11036630266440861,0.1305745655534662,0.2882362658795672
27,175.0,0.4548631590847869,0.2163085969211651,0.19144204953886573,0.13738619445518227
28,50005.0,0.2615665795455999,0.22969291012032936,0.22848287134644688,0.2802576389876239
29,50005.0,0.2507595605214439,0.2781716762363251,0.22236831692604875,0.24870044631618224
30,295.0,0.39854207927403995,0.26802188697712703,0.10050844739714465,0.23292758635168834
31,130.0,0.5788676270498072,0.13568081030526674,0.14063395028282033,0.1448176123621057
32,50005.0,0.35792502452468966,0.12594581509668323,0.2799081706877804,0.23622098969084673
33,130.0,0.5316461506198207,0.18130672512375906,0.167276689700731,0.11977043455568928
34,1180.0,0.3998448661416436,0.1630162005094721,0.2252018371572489,0.21193709619163542
35,50005.0,0.31202872897283096,0.1994115237790734,0.2593218748032776,0.22923787244481797
36,150.0,0.5075537367318828,0.19440932139455197,0.14541758097017637,0.15261936090338887
37,400.0,0.3830868457745056,0.2595785594277287,0.1583018028983168,0.19903279189944897
38,240.0,0.44373165894831934,0.23317803188820338,0.12293278356750954,0.20015752559596767
39,170.0,0.5108392850313248,0.16721354224953494,0.12648594861868284,0.19546122410045746
40,50005.0,0.2562693713800118,0.2659772369874531,0.29916369398275766,0.17858969764977742
41,185.0,0.46769485320350046,0.203244752994229,0.22290399776232903,0.1061563960399415
42,325.0,0.4275659524709854,0.2222781389785462,0.17654795667216608,0.17360795187830239
43,50005.0,0.2656938850493591,0.21455263556319756,0.2795049149833039,0.24024856440413941
44,50005.0,0.2605024324918015,0.24271140088115867,0.23529596016113874,0.26149020646590104
45,50005.0,0.23801733315793794,0.25840506013825704,0.2995259816324337,0.20405162507137128
46,450.0,0.39784053893922244,0.22822480004500573,0.1217186224059192,0.25221603860985264
47,180.0,0.4979495215712053,0.15931839614786938,0.10590956045605025,0.23682252182487507
48,210.0,0.45271261731241885,0.21364665777604197,0.2102218881138795,0.12341883679765964
49,395.0,0.4395849094359391,0.17633455464133724,0.21583737464346786,0.16824316127925584
50,50005.0,0.2209323546272014,0.2993274566586446,0.19431718088812044,0.2854230078260336
51,50005.0,0.34977796745620937,0.22389841256382947,0.21611150447780425,0.2102121155021569
52,50005.0,0.28706183443845423,0.29394631281858163,0.25557847092402164,0.16341338181894247
53,320.0,0.4014751597063687,0.2520679707913166,0.24139325335768466,0.10506361614463003
54,50005.0,0.2859387162186642,0.2322017703374327,0.24545404317044886,0.2364054702734543
55,50005.0,0.27609870501955336,0.2635797274688899,0.23699708148191803,0.22332448602963867
56,230.0,0.4755757933687441,0.16954805975041692,0.17411040418158177,0.1807657426992571
57,50005.0,0.3042012320865556,0.11078972935540031,0.29944700275208314,0.28556203580596096
58,160.0,0.4726311610572268,0.2512166877240184,0.10479259972218367,0.1713595514965711
59,805.0,0.3654448947524688,0.26456946244530044,0.14616417763195955,0.22382146517027124
60,50005.0,0.21688405563563362,0.23482398487661313,0.27090920837174487,0.2773827511160084
61,455.0,0.4254041206626624,0.15121776877728327,0.17261185761479445,0.2507662529452599
62,155.0,0.5016305096448384,0.16303161467468028,0.14738670968833198,0.1879511659921494
63,230.0,0.42503408971359236,0.20945381865283919,0.10435056453458734,0.2611615270989811
64,195.0,0.5421598642843066,0.10218894713684484,0.11940215751710333,0.23624903106174522
65,1920.0,0.38868814007078833,0.1560025545642404,0.2880892449376433,0.16722006042732798
66,50005.0,0.2753043454761209,0.29602871799955377,0.1690993582189184,0.2595675783054069
67,495.0,0.4422979370303953,0.10436782204777428,0.23169609172290972,0.22163814919892064
68,1400.0,0.344500121571665,0.26820150622304584,0.2735776395275811,0.11372073267770816
69,315.0,0.435659446776272,0.17806464415387283,0.19619842435942902,0.19007748471042618
70,50005.0,0.3784926765240052,0.11992864218113022,0.20296260291127338,0.29861607838359117
71,50005.0,0.22604997290307582,0.260017115150331,0.25485581173074023,0.25907710021585295
72,50005.0,0.36852458010254285,0.10673034459654394,0.22835918755862045,0.29638588774229274
73,130.0,0.5324961482860647,0.1013899759829559,0.2453180211400804,0.12079585459089898
74,565.0,0.3728268853336363,0.24348905293711573,0.13315384964876198,0.25053021208048604
75,7135.0,0.3452822984820174,0.240617318092754,0.2634903001320283,0.1506100832932002
76,175.0,0.5017875167323731,0.16283937464430184,0.1470878767325015,0.18828523189082363
77,3115.0,0.34659007377076145,0.24933976169267308,0.14513461565697663,0.25893554887958886
78,50005.0,0.21791219853821464,0.24771530339217188,0.26093240549454044,0.27344009257507307
79,150.0,0.49263407272688886,0.21011220978746478,0.12677019533867345,0.1704835221469729
80,820.0,0.4187460375245309,0.12554915397447047,0.17318897458873297,0.28251583391226565
81,50005.0,0.317817754168195,0.2956180764353119,0.23900391759550302,0.14756025180099008
82,50005.0,0.2626062476122064,0.2868063274287489,0.2663654093663654,0.1842220155926793
83,125.0,0.568837106045093,0.11091686687287977,0.21046104733580656,0.10978497974622073
84,280.0,0.3924748332291774,0.2943427578301805,0.14681867158435924,0.1663637373562828
85,575.0,0.38761169436268705,0.24789338098838729,0.22010072537782296,0.14439419927110272
86,720.0,0.38354482957558933,0.22543972357035555,0.16472593867321092,0.22628950818084423
87,2915.0,0.34070381959695717,0.2567536166455093,0.2781025935178968,0.12443997023963685
88,165.0,0.49731351052422434,0.14900866771677493,0.18331753565968686,0.17036028609931392
89,50005.0,0.23424949612312274,0.25667565770723266,0.25922996680287,0.24984487936677463
90,255.0,0.46933498470748625,0.16274163918856446,0.24319475133735605,0.12472862476659326
91,205.0,0.4823705408573724,0.1122414251955465,0.28212187523404264,0.12326615871303843
92,755.0,0.39755651365857303,0.1884600226888391,0.15919315453644795,0.25479030911614
93,50005.0,0.32577740236108566,0.2028866438780855,0.25965004043782675,0.2116859133230021
94,150.0,0.5506530317937068,0.1039497170157864,0.2144139609596953,0.13098329023081148
95,50005.0,0.285938639571673,0.27029842749306965,0.14551766178616393,0.2982452711490935
96,50005.0,0.3307392162932855,0.19419362373700474,0.21081119194330664,0.2642559680264031
97,265.0,0.4370689986842117,0.24459493626221898,0.13534251521536061,0.1829935498382087
98,50005.0,0.27562121497600145,0.2794692364383331,0.23581042310654468,0.20909912547912077
99,440.0,0.4236273332214666,0.2079486933597305,0.21991953401564474,0.14850443940315816
100,950.0,0.3794269741688916,0.23570305829059474,0.2633752494521761,0.12149471808833759
101,1895.0,0.35193901822934004,0.23789326519151202,0.2882223563309009,0.12194536024824712
102,50005.0,0.2736548293108071,0.24215054768883942,0.2988499204561291,0.1853447025442244
103,50005.0,0.32474221043208273,0.21656321134498424,0.24641901971087124,0.2122755585120618
104,495.0,0.4467008104278244,0.11066421308859445,0.1607653698693677,0.28186960661421345
105,865.0,0.36377154884533625,0.25483773977117297,0.2237655103245063,0.1576252010589845
106,200.0,0.4756050834115133,0.17883203539964745,0.21169186265887519,0.13387101852996403
107,50005.0,0.29603624776271775,0.19421780012340706,0.2303774144617032,0.27936853765217196
108,50005.0,0.27069718952723254,0.23780740365777625,0.29432960935377006,0.1971657974612211
109,50005.0,0.2524533978376171,0.26438067431763224,0.2737862593810402,0.20937966846371048
110,420.0,0.4378087597022815,0.16515932968086142,0.2656756860134535,0.13135622460340352
111,105.0,0.5203415890277392,0.21959384855800296,0.10747732635445467,0.15258723605980323
112,485.0,0.4446992375735149,0.12602400150486334,0.23968425435232693,0.18959250656929483
113,135.0,0.557415147209145,0.1092044047246217,0.10768915295448436,0.22569129511174893
114,50005.0,0.2816084532977301,0.22641825058421544,0.2316761533072018,0.2602971428108527
115,170.0,0.48963430185519674,0.2134163809052489,0.18108944543341096,0.11585987180614346
116,545.0,0.39062330103096765,0.2176739936017454,0.23367893584774585,0.15802376951954106
117,185.0,0.43833194676071496,0.2752671902716401,0.1596683252115309,0.12673253775611407
118,50005.0,0.3237599354830816,0.10778843656206223,0.2799308926834557,0.28852073527140054
119,560.0,0.3882948927207176,0.20966173879629466,0.1036560270748115,0.29838734140817624
120,400.0,0.3873186887802684,0.2868112504210402,0.1746473402035366,0.1512227205951548
121,235.0,0.46075234406523347,0.15567286200466895,0.1845963050489607,0.1989784888811369
122,265.0,0.485339724796797,0.10962852596854433,0.23146875111487866,0.17356299811978
123,18100.0,0.33682046162261925,0.27707812708173873,0.18845298895751472,0.1976484223381273
124,50005.0,0.35968698366245855,0.1303465967088277,0.23434570424022536,0.2756207153884884
125,50005.0,0.3728341070572663,0.15566195620999326,0.19333839302504546,0.278165543707695
126,285.0,0.4389990113831097,0.20838962109197112,0.1847045141188487,0.16790685340607042
127,50005.0,0.29936216391769976,0.18565622654136182,0.2748769445414617,0.24010466499947672
128,3790.0,0.38423627394805693,0.15061987770634738,0.25943789214208945,0.2057059562035063
129,50005.0,0.3524361956806483,0.12284066913992431,0.2619537434219506,0.2627693917574768
130,50005.0,0.23884626537652554,0.2749015777076707,0.2191905959942898,0.26706156092151395
131,50005.0,0.29917647880657494,0.2901296291149552,0.298159098999003,0.11253479307946686
132,335.0,0.4374849398559215,0.22628557708215596,0.15434557284422262,0.18188391021769987
133,1450.0,0.3342624974193793,0.2919657145610349,0.11326550205470087,0.260506285964885
134,375.0,0.4449274779414987,0.12288050344045663,0.22003281281458717,0.21215920580345748
135,50005.0,0.28994290752282004,0.2997883673638869,0.22935048321334733,0.18091824189994565
136,320.0,0.49451069175953377,0.1624916674630875,0.18762520083020556,0.15537243994717317
137,50005.0,0.3390954898624292,0.1260447502120346,0.2631548782643408,0.27170488166119533
138,225.0,0.4688120115897405,0.18964120959571606,0.18002417442282992,0.1615226043917135
139,315.0,0.42681627727462335,0.254182960820595,0.17963149682902796,0.13936926507575367
140,280.0,0.47502579823250446,0.14987803390051288,0.177290774070385,0.19780539379659767
141,80.0,0.6212988246512663,0.10454733982101859,0.15755939970387653,0.11659443582383865
142,50005.0,0.2689868087765852,0.23543063123753935,0.21968518856992242,0.27589737141595305
143,50005.0,0.32123407530703996,0.21794425359805064,0.19634774581257153,0.2644739252823378
144,50005.0,0.1648367173815376,0.2654871462012597,0.2742884525880118,0.2953876838291909
145,920.0,0.3682335409304096,0.20841992133141907,0.28888294485630295,0.13446359288186843
146,110.0,0.5877425043488935,0.12709576863329436,0.11347523544439182,0.17168649157342036
147,1260.0,0.3909253187997712,0.14729254808298092,0.24736548799831573,0.21441664511893205
148,50005.0,0.2942906151298048,0.2790982151819642,0.18756698430485175,0.23904418538337927
149,305.0,0.4165812152698084,0.2723761773621147,0.1218319847692206,0.1892106225988563
150,1445.0,0.37207234349298735,0.19542411718127517,0.13315958314468088,0.2993439561810565
151,400.0,0.40069191322534015,0.21545326549852695,0.2708369727173746,0.11301784855875828
152,4440.0,0.37300790954673657,0.16650825704332936,0.18446261879329207,0.276021214616642
153,50005.0,0.3073795175192858,0.14427063936015033,0.2945317055945596,0.25381813752600424
154,320.0,0.437559247665088,0.14815582379230047,0.2512349029927661,0.16305002554984546
155,300.0,0.46213099926393486,0.11264420733524948,0.22875363500261606,0.19647115839819956
156,50005.0,0.2875269695718945,0.19515032518242204,0.26442601216125505,0.2528966930844284
157,1650.0,0.38138073255492166,0.16914960319385813,0.1838140620079316,0.26565560224328855
158,50005.0,0.34606724320856075,0.23228593734000774,0.2546529793208604,0.16699384013057106
159,440.0,0.3876377580982595,0.2859516038210247,0.12564301978951503,0.2007676182912007
160,185.0,0.4766923017493,0.13531493834758243,0.11788628934509698,0.2701064705580206
161,420.0,0.45438648201768883,0.10657840945371373,0.20057485111531234,0.23846025741328505
162,130.0,0.5066367282485194,0.1895599797414539,0.12214245900227856,0.18166083300774816
163,110.0,0.5847993944727634,0.11063166322293116,0.17630449682754748,0.12826444547675803
164,320.0,0.43497513977341185,0.17827550204196232,0.13304648374356368,0.2537028744410622
165,690.0,0.38187707152386563,0.24976075741097917,0.1505781252117812,0.21778404585337394
166,280.0,0.4480899440440608,0.15473326360881579,0.2735370264274025,0.12363976591972095
167,165.0,0.5024837203413586,0.16252924660480328,0.2092865635309198,0.12570046952291833
168,2715.0,0.35716272860006837,0.21628970023235483,0.2591741164783052,0.16737345468927162
169,310.0,0.44884949721826617,0.13983868056100804,0.2923055115022055,0.11900631071852026
170,230.0,0.447411150379565,0.2644122556998654,0.11593026050395894,0.17224633341661064
171,50005.0,0.31246943138358185,0.2648473607425952,0.2848498633719344,0.1378333445018885
172,140.0,0.5278737824544507,0.16204203227342032,0.1496091507209582,0.1604750345511707
173,355.0,0.44977657548554917,0.1329605729886701,0.15752124523969122,0.25974160628608955
174,500.0,0.38944571230039804,0.2185181273636696,0.16027427749252893,0.2317618828434035
175,310.0,0.4479059189751896,0.14437122222949933,0.22380398414758035,0.18391887464773068
176,250.0,0.44647102238629377,0.17205471748924117,0.2406671648923416,0.14080709523212342
177,50005.0,0.19570444317479485,0.2972551062332397,0.2793896598447489,0.22765079074721664
178,695.0,0.41680299155163514,0.13006271828376859,0.21391561039228957,0.23921867977230674
179,50005.0,0.21496394523310902,0.2664547465858703,0.23871367708140467,0.279867631099616
180,270.0,0.47876657470445105,0.10943578943342609,0.2526106187504428,0.1591870171116801
181,50005.0,0.25046815466168526,0.26688114533270274,0.20810219305352584,0.27454850695208616
182,185.0,0.4620750600041982,0.17760488790741238,0.11377402631070564,0.2465460257776838
183,140.0,0.5330403743708649,0.20018596732281213,0.1608855672356943,0.10588809107062858
184,815.0,0.3777820186490424,0.20064637463423973,0.28334119502979693,0.138230411686921
185,130.0,0.5245694567011294,0.16998614377021565,0.1953766230031223,0.11006777652553268
186,50005.0,0.2603230502282585,0.16201462721333132,0.28506787896749597,0.29259444359091424
187,50005.0,0.21902439651921346,0.27951066138242986,0.2531935377126284,0.24827140438572826
188,50005.0,0.317140832372394,0.2091488771246613,0.25028680140404636,0.2234234890988984
189,240.0,0.4597341876833809,0.23580320236803964,0.11539680621605371,0.18906580373252574
190,50005.0,0.3012811812682348,0.29017838136968443,0.24018137435888323,0.16835906300319764
191,50005.0,0.22652654127498484,0.27892325223070447,0.26521129103063545,0.2293389154636753
192,50005.0,0.25586437806043616,0.2531212814992957,0.19687500433634605,0.2941393361039221
193,50005.0,0.23333583183539797,0.21220987136672703,0.26520463035699715,0.2892496664408779
194,245.0,0.43991708166966825,0.23755442475526126,0.14947132950451442,0.17305716407055602
195,350.0,0.40234809863179044,0.2888256582970188,0.1427831259283865,0.16604311714280434
196,50005.0,0.2299717144634622,0.2361997428783711,0.28963132104599426,0.24419722161217253
197,50005.0,0.3208403568687688,0.2665776286808742,0.2765678338783598,0.13601418057199727
198,900.0,0.39636966246812433,0.14189191661408287,0.27363289725798673,0.1881055236598061
199,345.0,0.47099789156074756,0.2284946513017886,0.1773388809904462,0.1231685761470177
200,715.0,0.3913717978821646,0.2762379560927458,0.22174654050797155,0.11064370551711805
201,39620.0,0.32972865875588475,0.28067745383391385,0.23232941242269334,0.157264474987508
202,645.0,0.36662579214004143,0.29625658235815566,0.11243887673156612,0.2246787487702368
203,355.0,0.43181770309017875,0.16181517965981135,0.2149368459606906,0.19143027128931933
204,670.0,0.3577609014032843,0.27649392868695866,0.1389776200306919,0.2267675498790651
205,190.0,0.5006606874731866,0.11100282039198689,0.16406230649239373,0.22427418564243282
206,510.0,0.43100218977901494,0.18587917540524979,0.21897543756253474,0.16414319725320053
207,110.0,0.6321123499522856,0.12499180662625319,0.11671037726293741,0.12618546615852375
208,11920.0,0.36604648659184535,0.1808530107630559,0.1842235693612288,0.26887693328386997
209,50005.0,0.29023782318032276,0.13458213022156085,0.2876043839573881,0.2875756626407283
210,260.0,0.4991285157888412,0.10344984745281034,0.1616693934768195,0.235752243281529
211,50005.0,0.2885900405199867,0.23061920143334708,0.2214572775634181,0.2593334804832481
212,41840.0,0.3381366483488968,0.2499779447340949,0.1489027547204997,0.2629826521965086
213,95.0,0.6214048103146753,0.11584158966117719,0.1324524834667284,0.1303011165574191
214,125.0,0.6154620026493365,0.14037188576628296,0.12344550128387405,0.12072061030050647
215,195.0,0.4396833797273547,0.19242909671246333,0.10861083051278525,0.25927669304739676
216,205.0,0.4121259142794108,0.29561787971722386,0.17603364912558533,0.11622255687777999
217,50005.0,0.3280993002027448,0.25276707575393165,0.2625337628946802,0.15659986114864338
218,1765.0,0.3652196450117471,0.2281062563540545,0.23944142533689253,0.16723267329730584
219,15200.0,0.3489552106931929,0.23604969911003856,0.17721289492734787,0.23778219526942065
220,400.0,0.4108667435094462,0.20721371144653264,0.16082138479698854,0.22109816024703266
221,50005.0,0.204479352024182,0.2842460117115079,0.28082230141524966,0.23045233484906044
222,365.0,0.42169453963609815,0.2242143045783203,0.23970927525399596,0.11438188053158563
223,115.0,0.5633480619259401,0.11296601056079957,0.1884601140939941,0.13522581341926623
224,175.0,0.5116833178487552,0.17763454904671822,0.15929360288608302,0.15138853021844362
225,50005.0,0.26776840769421106,0.21134265696226906,0.23840318107620587,0.2824857542673141
226,50005.0,0.315072681973825,0.2928504989837961,0.2559716622958159,0.13610515674656293
227,1510.0,0.3471108766307677,0.24087799725107742,0.11868110702110957,0.29333001909704537
228,50005.0,0.2716501754186491,0.23167763717686743,0.2922420098875842,0.20443017751689935
229,50005.0,0.2956170461428299,0.29982094714594254,0.2985588586088756,0.1060031481023519
230,50005.0,0.3164860802233219,0.14313432646414145,0.2826080226306534,0.2577715706818833
231,275.0,0.45063319394597645,0.13872798459233865,0.11534656868716933,0.2952922527745156
232,280.0,0.4204792103928613,0.2807848400817433,0.16889800854956255,0.12983794097583287
233,315.0,0.45359768280752755,0.19040885370187172,0.19055757084598868,0.16543589264461206
234,330.0,0.45622513949932664,0.1321682454960464,0.2937657977999306,0.11784081720469637
235,175.0,0.49494260912183796,0.20983105843409156,0.10113926978664273,0.19408706265742778
236,50005.0,0.2940727190599607,0.2887615727853222,0.15108406999703025,0.2660816381576868
237,50005.0,0.3067744237785692,0.24356325415351887,0.29254371086053244,0.1571186112073795
238,50005.0,0.3891411077529635,0.10601489193694845,0.24271642061344817,0.26212757969663986
239,50005.0,0.296863894659148,0.20705191245362986,0.2248956372171994,0.27118855567002276
240,50005.0,0.2837036298506712,0.2921278308139278,0.20198570497861257,0.22218283435678837
241,235.0,0.41865267374011017,0.2558256626718026,0.11072757131254923,0.21479409227553792
242,100.0,0.6059423882633538,0.13567162181520429,0.15717062648793842,0.10121536343350349
243,350.0,0.41370930145732876,0.21868065196662578,0.10027699099259169,0.2673330555834538
244,50005.0,0.3044805100046307,0.1860784727864327,0.23893430247542893,0.2705067147335076
245,515.0,0.4242839779071158,0.10777556041369314,0.29580519035144426,0.1721352713277468
246,290.0,0.4633465030464994,0.13319880613413906,0.1917912873904546,0.21166340342890705
247,2265.0,0.3625459631426987,0.20677965616079952,0.16428832404107688,0.2663860566554249
248,50005.0,0.28047224707354235,0.20310649036756778,0.268722595676989,0.24769866688190095
249,50005.0,0.35862778780898985,0.18946689545672346,0.17867908495015472,0.27322623178413197
250,330.0,0.46516396608313015,0.13175385113360233,0.12637160969950645,0.276710573083761
251,50005.0,0.31843291665807616,0.27748955271887565,0.21904098165729502,0.18503654896575317
252,1180.0,0.35914962922102445,0.26230825363778054,0.18374279145981548,0.19479932568137953
253,50005.0,0.16443712194064908,0.24850575197492517,0.28798372833785757,0.29907339774656816
254,50005.0,0.3652863752287112,0.16991759360996844,0.23998428123753773,0.22481174992378258
255,50005.0,0.18560291987097655,0.2639223268032184,0.2778779090631709,0.2725968442626341
256,75.0,0.6411863566086893,0.10996320803881171,0.1186992457836879,0.1301511895688111
257,50005.0,0.3086703592196769,0.19779443556980467,0.2641813856395451,0.22935381957097337
258,50005.0,0.2034592456774822,0.23734054929950998,0.27890229288133894,0.2802979121416689
259,500.0,0.4247735355791611,0.15265181746575746,0.26197082898671525,0.16060381796836615
260,50005.0,0.27255057726109566,0.27721855821851055,0.17312755988735629,0.27710330463303745
261,160.0,0.5306078682949915,0.1583197146379158,0.14720566357059517,0.16386675349649749
262,50005.0,0.32030454749475323,0.168399029511324,0.24505790021247878,0.266238522781444
263,50005.0,0.13454628789447243,0.2946618851071332,0.29541564051535363,0.27537618648304074
264,425.0,0.4308599872571325,0.17681438059114055,0.12982773496728922,0.2624978971844377
265,195.0,0.5021446144842623,0.11844124573023199,0.1761520665186681,0.20326207326683765
266,1355.0,0.35529539806627464,0.24270643790616186,0.23791058378947058,0.1640875802380929
267,405.0,0.39577140665161714,0.24374742930936205,0.12110068059158488,0.23938048344743584
268,170.0,0.5284383279388525,0.13507905352146155,0.15780154590998588,0.17868107262970007
269,50005.0,0.32578952915395043,0.16868139271914934,0.2648691628275939,0.24065991529930633
270,220.0,0.5034301245344053,0.11074642786358813,0.18182174280045338,0.2040017048015532
271,180.0,0.4640706690016464,0.23284072040381648,0.11643942288024843,0.1866491877142887
272,280.0,0.4520627828295696,0.16074676571352065,0.13755392289112228,0.24963652856578755
273,145.0,0.5290726913944778,0.19384557115229537,0.12253637646112925,0.1545453609920976
274,50005.0,0.30762113046252915,0.2448238583718838,0.16935421309398552,0.2782007980716016
275,185.0,0.5426414013123659,0.14015788111924724,0.1710243876512477,0.1461763299171391
276,105.0,0.5797551791801525,0.10247884663638251,0.19429096964939715,0.12347500453406775
277,50005.0,0.1782317292519373,0.22672644204549117,0.29543000713222867,0.2996118215703429
278,300.0,0.4456681750193985,0.2050280497851758,0.17260673715563646,0.17669703803978928
279,315.0,0.4449284739136803,0.2548465816868172,0.17084107814297095,0.12938386625653153
280,50005.0,0.3411085906872581,0.2348728838990348,0.14650268121886728,0.2775158441948399
281,1025.0,0.3568274530879493,0.2380281553784249,0.2787642784680183,0.12638011306560745
282,250.0,0.4722924658896114,0.11222894405349333,0.1803676487315589,0.23511094132533641
283,1030.0,0.3880434162388844,0.1862889554920215,0.16243255285138253,0.26323507541771163
284,50005.0,0.266603669272206,0.299432708502099,0.22209862213933984,0.21186500008635506
285,195.0,0.4633142984002969,0.1740866429792506,0.15716423032084148,0.20543482829961102
286,250.0,0.4620243032906327,0.15941827485738125,0.21250192608286944,0.1660554957691166
287,50005.0,0.2941515829179777,0.21542958162634873,0.2701838766552511,0.2202349588004224
288,905.0,0.3891102550495096,0.21684443709655576,0.17250659484370023,0.22153871301023442
289,1435.0,0.38512212539063595,0.16886251079547893,0.26806501088493384,0.17795035292895128
290,50005.0,0.32649921418035555,0.20275837547630476,0.22292252502818044,0.24781988531515928
291,50005.0,0.239409019399905,0.22057423325654954,0.2649451621230579,0.2750715852204876
292,155.0,0.5292426675633328,0.10952665773106539,0.1536815140357219,0.20754916066987983
293,180.0,0.538000139797389,0.12999833431086355,0.20952093042188488,0.12248059546986259
294,50005.0,0.2976991698483493,0.21363795049260756,0.2874628518005623,0.20120002785848085
295,275.0,0.46061909946834023,0.15448350206716036,0.1943852164284786,0.19051218203602083
296,170.0,0.5413658041603597,0.12860287253377112,0.19039867448113912,0.13963264882473006
297,130.0,0.49687048900819997,0.16773013230598355,0.22787835078214644,0.10752102790366998
298,330.0,0.46018230024327855,0.11154555224439669,0.20387931100276155,0.2243928365095632
299,320.0,0.43455551567969497,0.21799226924352905,0.2169964215300398,0.13045579354673625
300,570.0,0.4377235253995315,0.10945612518053238,0.2849715854381093,0.16784876398182683
301,50005.0,0.2328002664497053,0.20816146497919757,0.2786877922312476,0.28035047633984944
302,270.0,0.47274763527509756,0.15096289320174097,0.20147853463403415,0.17481093688912727
303,5605.0,0.3334630411976539,0.26611789093606497,0.2605109409766603,0.13990812688962082
304,985.0,0.3882695875710561,0.15382068301393648,0.16925144714289772,0.28865828227210966
305,350.0,0.42139906569083707,0.18892670605967055,0.19980262445596375,0.1898716037935287
306,500.0,0.38522561388646903,0.2447078546225147,0.11506340763699628,0.25500312385401996
307,50005.0,0.26620908002146104,0.2859754975134233,0.17012630626451142,0.2776891162006042
308,1940.0,0.39988276835408687,0.10617279547684091,0.2857720721341683,0.20817236403490388
309,8780.0,0.36451018587411754,0.189050093550572,0.2602850103647921,0.18615471021051833
310,26190.0,0.34788314029448775,0.218907550651071,0.1418854508839255,0.29132385817051576
311,220.0,0.45682453495055797,0.18310718993926484,0.1440243600787576,0.21604391503141956
312,555.0,0.39907396628451863,0.2288980529273498,0.22179021657460207,0.15023776421352947
313,785.0,0.35928072318424586,0.2765036291112779,0.16004678763429786,0.20416886007017832
314,235.0,0.470523094221475,0.21574817070670727,0.14977823744883909,0.1639504976229786
315,220.0,0.46234783562820403,0.2355898105366597,0.11183068640153032,0.19023166743360592
316,125.0,0.5744593279445072,0.2063399970505299,0.11679960113629109,0.10240107386867177
317,135.0,0.49298009502630236,0.19185945946583444,0.18389898870021135,0.13126145680765183
318,175.0,0.5123383725592446,0.18041518238483173,0.10789310936009706,0.19935333569582658
319,170.0,0.4904762503399773,0.23483445205479794,0.17453926354056942,0.10015003406465527
320,220.0,0.47504376535262893,0.13408402667536948,0.17698977031160384,0.21388243766039777
321,50005.0,0.3716333499214787,0.1586564511575449,0.2162885888021152,0.2534216101188612
322,1090.0,0.3812534647787933,0.20244968133699381,0.16250115107006968,0.2537957028141432
323,135.0,0.5026957999655541,0.15684201163939096,0.18404261025428686,0.15641957814076807
324,50005.0,0.21273102163880742,0.1952378621709447,0.2975643587778068,0.2944667574124411
325,50005.0,0.15760011115770145,0.2846052898430571,0.2731959213626395,0.28459867763660196
326,1080.0,0.3839268775761637,0.22226444523194672,0.2366003695816883,0.1572083076102012
327,340.0,0.4369140089812613,0.19335336877647247,0.14724414804741293,0.2224884741948533
328,2715.0,0.3571148661653586,0.2185383229321399,0.16736734620479393,0.2569794646977076
329,310.0,0.43122841059738115,0.22697170213455492,0.11368054082811441,0.2281193464399495
330,575.0,0.43058076790630506,0.1335980358795104,0.2087886057781541,0.22703259043603044
331,50005.0,0.3436338737357266,0.2389228160310971,0.19207199082283538,0.22537131941034091
332,340.0,0.41281121545059785,0.23361844685668992,0.13625834422565158,0.2173119934670607
333,205.0,0.47048442105658017,0.15228008427602271,0.2578645402336199,0.11937095443377721
334,300.0,0.4923163482740538,0.1168513779414146,0.21891690651174742,0.1719153672727842
335,365.0,0.4360301308204042,0.17879864616219573,0.20592953980565237,0.17924168321174766
336,50005.0,0.20263352653584366,0.2777509150504899,0.251152478876728,0.2684630795369385
337,440.0,0.4225838908037651,0.180991772375018,0.18108874844282347,0.2153355883783934
338,780.0,0.4184514661063333,0.13779499018837818,0.22630142197578623,0.2174521217295022
339,50005.0,0.24968237523044778,0.26526483356426306,0.19138393191167402,0.2936688592936151
340,50005.0,0.2725034797027981,0.27424862533383454,0.1627676186699161,0.2904802762934513
341,150.0,0.5389616368773373,0.14828222900522425,0.11170070263533288,0.20105543148210553
342,50005.0,0.3668903881962847,0.11792172370525258,0.24588786182376973,0.26930002627469296
343,245.0,0.43388870293869997,0.22995765432990511,0.22674606826218177,0.10940757446921312
344,110.0,0.5624179846036724,0.12962888775271633,0.11815614215564228,0.18979698548796897
345,1265.0,0.3953078978682629,0.16363667486548328,0.2700833836385905,0.17097204362766327
346,140.0,0.574347260334091,0.12092842465445502,0.15751114972826868,0.1472131652831853
347,185.0,0.4781652696617571,0.13805068703823292,0.12345919140513253,0.2603248518948774
348,50005.0,0.2501690271496019,0.2739601478101267,0.2320261111805094,0.24384471385976206
349,1080.0,0.4187579927990821,0.1131665940223513,0.28991100706521655,0.17816440611335008
350,430.0,0.3838741894700801,0.22695143501157636,0.11683593907130355,0.27233843644704003
351,50005.0,0.31904735615956203,0.22719732358862457,0.28152310675934733,0.17223221349246612
352,130.0,0.5283026692666113,0.24113310683314573,0.11669009694726858,0.11387412695297439
353,50005.0,0.293611845443718,0.2860797282193921,0.26278012721437605,0.15752829912251384
354,50005.0,0.3054504953736237,0.23112239785366515,0.29978851775305526,0.1636385890196559
355,1290.0,0.40245446785682926,0.1417532857096087,0.2434664146617757,0.21232583177178632
356,500.0,0.3823586091880362,0.2574714978136132,0.10032655055852609,0.25984334243982454
357,50005.0,0.30649393800884395,0.27833074604707686,0.16463842139534432,0.25053689454873485
358,300.0,0.48311869799083085,0.1574530701458697,0.11118866697377885,0.24823956488952065
359,125.0,0.5440497824155365,0.13346158947149092,0.14529217301765426,0.17719645509531834
360,50005.0,0.32722212448199595,0.171623333646246,0.2176278337261034,0.2835267081456547
361,410.0,0.4309536671790869,0.15186623905688784,0.223024563040696,0.19415553072332925
362,200.0,0.46764705526945605,0.23581599849142848,0.1403172593574902,0.1562196868816253
363,460.0,0.4019816040964409,0.2332007271319298,0.12565886884778482,0.23915879992384448
364,50005.0,0.29559164199874166,0.2991217245078146,0.2837946994997398,0.121491933993704
365,245.0,0.44294876378145276,0.21831923983854157,0.2204328293539079,0.1182991670260978
366,815.0,0.3615400856947779,0.27881799713778277,0.22792559603239812,0.1317163211350412
367,28910.0,0.3915361435724021,0.10192670021520137,0.23238904096541316,0.27414811524698335
368,1480.0,0.3613736412881514,0.2515346164304786,0.1324375950897984,0.25465414719157164
369,365.0,0.45850322030997837,0.14119294684510625,0.2247515730510572,0.17555225979385816
370,210.0,0.5345966014194667,0.17092532207084477,0.17987160532285082,0.1146064711868377
371,50005.0,0.2764220887733583,0.2062984361001619,0.2985707465985859,0.21870872852789391
372,170.0,0.5119129990834812,0.15792299100335977,0.22422699870326795,0.10593701120989103
373,50005.0,0.2967208456185426,0.14029188143509416,0.286255534252015,0.27673173869434814
374,50005.0,0.3506369134022833,0.20356850794931824,0.21690040805203045,0.228894170596368
375,200.0,0.515688535122471,0.10271378074336619,0.21310181038873643,0.16849587374542638
376,190.0,0.48591967492090093,0.22885992985433137,0.14082236055532932,0.14439803466943832
377,1160.0,0.35295211725996545,0.26103954105150795,0.15634753871509316,0.2296608029734335
378,16140.0,0.35063514783485206,0.22905490681139815,0.18732870215610692,0.23298124319764293
379,1240.0,0.3707310118192958,0.2106742164829687,0.28625643507167203,0.13233833662606345
380,7300.0,0.33357869951911523,0.2904308944362596,0.20115569292010788,0.17483471312451734
381,50005.0,0.23614224140782403,0.1978689216412457,0.27096348630708333,0.295025350643847
382,50005.0,0.34163121662237783,0.16905520961099774,0.19732326397390865,0.2919903097927158
383,110.0,0.5862790203174878,0.16046318700091317,0.12704732903771115,0.12621046364388785
384,2570.0,0.3832806749031028,0.1568446251189879,0.2919378618380819,0.16793683813982735
385,115.0,0.5260105707759353,0.2562918428861291,0.10086778459571505,0.11682980174222057
386,50005.0,0.26653392416534727,0.26238179303648157,0.22309790708870325,0.24798637570946794
387,845.0,0.41754958961838995,0.10500908424432549,0.24661479184337504,0.23082653429390956
388,730.0,0.36049937401615295,0.28076762771923913,0.11745388108837154,0.2412791171762364
389,50005.0,0.36267403258974273,0.161474913818874,0.28896390545723377,0.18688714813414953
390,170.0,0.47422335850620434,0.24087361692195222,0.17793375013621793,0.1069692744356255
391,205.0,0.47091596290757143,0.24990107276367937,0.1343513113108591,0.14483165301789008
392,1240.0,0.35714517799123136,0.25543013671932313,0.14801337365947287,0.2394113116299727
393,85.0,0.5997585617137509,0.11015636504220903,0.12389925265826354,0.16618582058577658
394,50005.0,0.3247528168518383,0.12048305800463616,0.28047589837077425,0.2742882267727513
395,285.0,0.44251896014853465,0.15126103440743485,0.26209122201732993,0.14412878342670057
396,230.0,0.46857231258284804,0.1806181739298013,0.12600342810331788,0.22480608538403274
397,170.0,0.5395415955877938,0.13953597340824053,0.15096413340140247,0.1699582976025632
398,50005.0,0.21926855110822885,0.2852193539808068,0.2751880016220789,0.22032409328888541
399,210.0,0.4756029969601506,0.12275505034146375,0.2739659224166251,0.12767603028176056
